Id,SalePrice
2658,131706.11164500503
2718,154481.05418692357
2414,222796.05555152532
1989,115113.02725737335
625,175411.04008418342
333,85493.02040226334
1327,108386.13969437008
858,159436.06831612505
95,176851.81070541995
1568,165227.52017522216
2482,146972.91615961227
1364,121470.94020207619
2584,149842.84168507706
818,248875.15283463366
2673,152292.15036848982
2089,116800.41004008632
1297,152278.57916716335
790,124459.00556226414
2616,190312.8058326835
720,187215.7635517422
222,153249.36247409089
557,124073.73566158956
1148,186848.60854563527
2766,167434.44921013902
534,183075.60982692128
1452,124352.65594964837
630,119114.29867218345
2648,130593.15999540413
125,158819.42443391558
1904,53287.76874509154
1670,103295.58606414069
756,101058.23742078432
717,226046.79746517155
1032,156486.73258276156
852,216020.5170372957
1731,188545.3143723591
2639,123539.60225581375
2071,73924.40213391946
1267,124839.31565078886
1851,203597.70145134756
567,173026.30362570492
2439,203469.32217334944
1898,156855.15727220188
647,182163.2790391305
2256,217777.826106272
979,104735.07196972803
1444,218352.26245383185
2485,119754.69544383793
157,130664.97556086944
88,119498.4467850318
2003,110512.40041338535
186,213439.78739452997
1425,243613.3046856458
2695,129685.82454709162
738,108671.41422972016
395,154529.89220039122
1353,168402.0826173723
1878,147519.91992524161
390,153331.92196781895
1456,229850.41481329722
1103,328869.71770872927
1387,133822.13935722996
2070,147074.03808484963
1199,163035.68889721512
2479,179662.24534150132
501,329695.1487347493
2362,90497.47146940615
1718,243493.97629250848
2188,89509.58530901327
1483,150736.36362806906
2557,90908.7532633286
437,359756.4250044323
2224,218574.42135860608
1628,166025.5252524045
397,129665.1776374949
587,199373.68305630534
2182,594919.6582452592
971,147457.73842111882
2611,147670.7326279418
1887,95789.4392405824
2399,371607.3965071903
2148,196118.78518719424
304,142493.66662195788
1997,130643.19178109124
2817,109438.36753404315
1431,203326.05894929345
427,351125.834949323
263,125623.85772402986
598,175094.1243772202
2895,241134.6129344015
687,144297.93200110737
1822,132848.93510992048
2191,101345.87046787472
179,122348.29705408134
1009,235816.62294260084
2010,132668.16566097236
1991,133418.14118813054
1411,215783.84948389741
1721,252021.76736037858
1144,193942.2708736177
593,212494.71647488835
575,311574.20994028496
1249,171518.34880061797
1604,125968.9460871474
1064,479913.76458301314
1923,150962.93781437186
1988,119300.67953593205
2325,165040.70202451124
114,199810.4276320497
2700,179322.3245583457
217,134419.08220019838
343,183223.0661879684
386,220709.87667231934
2005,108799.45091902796
2908,137932.66300555237
1814,240595.22026090158
2446,469944.8499048148
208,135198.05756610486
1679,96960.48192891528
822,314489.46515952446
6,187094.0953760977
1781,396992.1094506839
2397,330672.94564586645
2340,316961.6418310423
1618,162951.98232517843
2843,151462.98695796257
1061,374296.7243376341
2786,125484.45228497034
1935,136416.33290648845
1341,117602.8491954678
521,261729.1052778011
2136,129684.56263340209
996,200496.4149031157
227,138980.2410554556
135,178634.32185551
1167,164962.44891773115
294,234659.39499137408
1776,211724.79561124384
540,168979.75874674265
1717,256733.3825149667
2303,124352.39247591003
116,188144.7998155035
127,149651.7590253206
1371,131132.47489822932
1014,153191.59410066434
1507,109886.29739155213
702,138310.25853184512
750,154215.41112018446
261,143901.4394710716
1559,60897.81659093224
577,238207.59638248407
2812,197578.87295299565
2080,166113.62903446332
1368,118666.71720016928
2376,117302.72548003985
659,121190.82798773862
1235,134684.5869386715
332,74955.23570131052
1917,144192.7162742239
2094,235846.3286543729
1460,268455.55485417705
1471,218521.0106068409
1509,120916.48215695529
1922,131080.19994111254
433,504206.14436119876
460,269567.4133216223
1116,235882.5014565011
1137,164096.74623065104
53,160092.83212448983
2354,279108.3010449598
1475,200318.1038510648
1761,483716.33824823925
842,138035.78924322053
2739,181337.61470772116
2509,153743.3884179807
1007,203907.54509327176
2610,187567.03641002852
1952,90416.07653261552
2719,159038.18529231905
2921,82154.81664848045
1966,157037.9365410554
292,124845.04482856402
1204,187531.18194171705
1829,261369.16522191407
2419,200192.03890114615
391,146781.15778270375
798,122534.25818781702
481,197988.19058854936
193,207686.19503492652
555,120868.14863120418
899,48406.25506816717
2357,179048.24349415468
328,141549.0653738728
1356,117130.33150052716
1154,106957.42901063629
1730,187911.41707767817
2249,165228.36152359386
1119,293299.7383934803
2856,147826.588426903
1394,128559.68002297066
2587,106999.17909054345
61,310698.88888450194
2661,178588.33051445847
2711,128072.20221652888
1147,175316.7841431134
757,125380.98647734628
2623,105892.68825309833
2378,137838.3298667635
1413,156551.11446504993
1722,229983.63746360727
1112,230175.95845514938
1623,191159.80471481086
1201,195717.25482686533
1513,122862.28534840778
957,347476.6634103306
1171,254532.79391432746
1145,194568.47169686996
2726,232811.1793474139
703,149377.461048341
760,122144.93458692788
1964,154268.99795389982
2512,181206.05680574532
159,145017.05641094322
1281,171669.9061264155
468,193327.0816302585
290,123360.26557663336
665,105190.4287148105
1463,256366.4033263977
1792,220560.6332670906
923,175938.474439219
500,288542.87521670735
1408,190320.16164940372
331,83830.70987157733
170,136892.25112120502
2192,94664.2240666655
2571,283247.81185621215
2314,164919.01280359726
2647,87523.42445939976
422,428895.5365205405
2457,354726.21264282544
1838,192853.60693790138
2805,254644.18568566308
1645,149459.75659784814
1711,309639.75567307894
2825,246276.2787608017
322,312018.80234532774
2103,268355.83920720336
342,123616.02320303884
600,117572.8978048772
488,168140.46135512614
1725,313902.7168056271
2246,317678.4446163323
2847,157192.04219111148
806,233842.372485233
530,236215.51816930948
963,193935.4512333379
2678,100785.49281528806
171,83007.37265535613
2401,429244.43195683067
805,220094.42567609163
2259,262499.47324677964
1748,186270.40740356257
1361,141069.05747226847
1677,110425.4598561714
1406,169392.18447853296
2322,262353.98975054047
688,156058.4698334795
143,149537.3168077038
804,203588.1768518436
1214,215383.5928868394
2828,140819.31812920567
1999,203674.09444897718
2467,212868.8733845874
2665,167103.26254964832
1538,346543.4869217708
398,114408.65504954623
2822,156868.75251487887
2157,144463.95506838814
1856,197232.3533116774
1269,90725.8105574389
2570,117831.08369340017
2320,238775.3765005594
1517,130036.13123401738
2304,129157.92312813952
1312,93777.79270818576
2012,129877.16579588423
506,247739.10644621076
2865,214361.08775230212
2367,100371.26940108772
554,84217.39709861622
238,147143.0224132067
1954,96719.48167704462
2488,120542.33380387787
2291,76486.72689589809
1969,107584.16970308081
2725,171151.27579865258
1482,146497.0178587651
2763,211414.55633918478
503,262626.95675565524
1584,246085.61440641846
1531,150246.4766212905
2210,189638.01056579902
459,332032.9816687773
556,127373.86046583019
1347,138370.559448699
1290,70309.28560160464
1388,99391.53055434197
1571,267240.90966906113
2754,218137.35063282438
765,143661.72064329166
2494,132131.7999524697
2870,234563.4657836496
7,245573.08213880623
1114,234804.09022130942
2418,281607.5299560619
291,137532.47984504397
18,373833.3702443595
39,390662.08091977786
1001,278321.71908622613
2442,235691.03733758294
616,126401.51188897347
2680,80161.4596726857
1414,128340.07529242472
289,157515.7926721928
40,282841.78934541246
860,143757.44845285855
409,131950.57249444554
673,172716.463327353
2427,179670.20255215588
2036,218323.03613766376
2564,134658.51879868092
642,168585.08464555533
1008,176982.31201935487
1908,153307.16239892173
2519,206191.780345359
1369,91263.25098971598
2855,170178.50058173775
712,100798.30204366343
1943,129432.05302309306
1958,125790.51523312311
107,167727.61012363006
2295,201714.45139235325
704,110454.32460450933
676,139245.60970389663
259,180649.4560185397
93,282071.8249894624
106,240595.94068166133
2315,178216.26249728055
1050,93225.75991945612
1095,208042.56075627642
2709,155222.18866968143
758,149506.1759952559
1496,159315.44614789585
2370,114073.19634454488
2458,302348.63438673207
2733,143226.03680690826
161,281643.25596160616
726,148032.0030959964
845,215825.8770578951
947,259861.2540049809
2232,124972.76605478922
2563,137527.8853253265
2299,151672.45664175847
211,63857.63616387536
605,150456.9202417906
1478,199779.88830130137
2247,293674.0357079801
2274,234510.50357098272
2869,230708.0225613488
967,215954.6170016632
2656,116588.32848367214
667,206591.32751542283
1042,113237.24631703837
2023,154839.8742861765
2447,372263.8537553749
2055,127359.37210229777
2275,285108.15455822845
2204,178960.75273234816
1563,289569.69527429476
483,240601.92484976503
796,131135.4288906691
1526,154994.7661927564
2042,123462.01163079473
442,343543.26392828004
1693,332812.6016490787
1468,218842.31856264843
1430,206654.46355811582
2605,154448.180279067
1529,203880.03399311984
335,151721.58456213458
1287,120182.82494791955
31,96203.75464545481
1785,328484.29576814047
82,159389.88065422804
2620,121916.38540408235
252,176429.32682721538
721,66987.96298543186
2165,193932.16444485524
2316,194136.13313642886
775,141789.56016330112
1558,96323.6672807618
17,217524.75334888222
1022,235108.29219114268
925,128540.33843954728
438,291395.02948044334
1270,130382.32802430035
1272,132271.7035704163
215,140663.87597465183
266,233322.4395848963
2402,301995.3634334552
1250,138669.78517050587
1984,139515.13582809755
1279,149431.1187869386
377,251098.09097227902
1252,96877.27793409093
2156,264047.0518739433
499,330018.16909783636
1374,113925.96731850403
2898,250173.45733498991
401,113172.5761039596
2721,153950.3799365824
2078,248116.15435603604
2589,124177.08204725335
1946,245188.94986552373
1334,119495.48682179983
2781,216655.98533167096
431,395314.33425252483
576,203256.65387939173
1474,213164.2666458554
2254,144476.27857630973
2155,281925.26681180263
885,100017.16862669357
643,144532.82234774643
1944,120743.70030341434
480,198158.1800143417
2845,97819.64721997929
2387,333359.2988494978
2407,230763.95949236862
2527,168750.80209756046
2514,144734.76667792717
629,125041.46982847521
80,206029.79600927304
1876,137135.45248362282
1546,115808.62626069006
2518,176383.57404547892
2347,151178.34018447957
783,232744.34191700432
1322,22070.445285217836
194,90621.13298866825
1770,299948.8354543481
2143,137376.2182878101
1229,228166.2377370677
511,284816.9535691243
46,253996.17845810208
1348,160504.57448845115
2465,212571.80439304828
387,232017.59083145327
873,233789.58312170478
1918,121409.93057930178
2764,234248.7615711366
2184,131181.50603500172
934,136470.20310026087
1920,128550.69789804667
2631,154212.5157185846
1768,557847.2605880499
2040,122233.43437727337
1749,222662.40395667544
834,251495.0791682346
1457,229432.71389645975
79,104587.96643093436
2302,131723.5127580302
1817,150024.1807596723
2755,245284.96764514083
359,171025.99066438858
2059,103942.54655448999
2092,230046.07477283012
2516,227058.76346487142
150,110416.59347660553
1656,139356.3112186227
83,94427.99322057306
2411,190429.8262194715
795,81711.52577400273
2312,221377.9630495628
2917,114770.52581737988
1624,183204.0814993519
2215,302060.6985228019
1211,150919.78648714878
1485,155005.84429062039
1024,184763.51626878345
570,197850.35404864728
2874,142824.9934274352
700,136950.1508243519
2756,228256.5149723555
2022,182046.81857444247
583,237582.00799015013
2392,374732.6422970529
2424,170599.34149185836
212,116931.96256017877
736,127552.46893318873
1610,166546.945857084
890,118415.16463400188
467,177995.04205614858
578,213914.66980430443
1747,197093.74474707342
1149,149151.30191614496
2758,270470.63273054664
857,143577.93815473144
2219,266976.12376100844
733,104160.87455009787
2909,117612.2688647837
1798,257492.83649371238
235,126272.63732792248
2366,113866.65952776119
1027,129007.60543639764
1195,142797.2847359443
1303,37267.255687050754
148,198131.2477748947
608,167163.16686057684
2515,210913.33596602362
821,264463.37047085335
2500,269090.29278634413
745,109557.81475705229
741,135040.32680574208
1611,114510.06937651293
2532,126170.16323279342
1081,226012.48687419115
1692,433866.13562116056
2520,192892.54841982873
276,112136.3541219873
1992,135225.28866734478
663,41198.802588443796
418,120481.6546958239
1733,208930.04109700027
2359,144982.83844516054
253,190027.56232033894
1518,186827.48795519152
2035,148252.94422462553
2919,80478.23551486169
1540,238227.43092767207
2120,148508.7846720097
1674,164855.9200021609
256,141650.81096267852
2361,94804.48399452122
978,73920.66048209608
2280,133014.04167498366
2095,228162.94296507735
1709,341042.77288446727
2801,250414.65221614687
1246,112831.65141909022
2373,89410.24782997053
1055,318014.7205466158
2017,131827.39184358984
1099,297657.57788787526
1344,70234.60075240837
835,211302.16660106706
1117,234190.04991335614
2043,87555.36560369775
2085,120068.08540260437
410,144201.35308087128
2650,114722.51933008825
2867,172934.28275201825
1668,111999.10221910132
1161,158350.65940997942
2122,179682.28425123187
2539,153183.9293762761
1047,143064.0696578574
1445,142979.9430964799
541,132049.87184376095
569,224811.76875913847
1276,120174.87856993268
918,156251.76746453057
326,162858.90943433612
1936,128759.53702958484
895,102809.24118441592
257,147911.27977158283
1241,180124.26298151954
1545,121466.51625215853
1189,175335.78830815537
270,144314.9412022988
2066,185978.42507482975
693,108429.27595289706
1259,147385.00291236927
2916,155768.98768447217
2321,306227.49213464896
1977,104176.76347839448
1895,140297.14214906615
1240,177606.45173419322
85,150699.34833711555
1823,120969.42418882536
825,295046.0595950083
110,232549.04871037957
697,124538.0720628539
2297,121627.93078598805
1231,132430.35496949023
1355,135526.39277614842
968,331124.184689675
584,237573.74483284345
1315,149906.57246700866
1606,144154.5768142594
206,100264.52412518661
1685,374177.81950427487
2016,132356.04668361717
869,206122.11210150624
2135,124785.86419762803
2346,172237.66186695007
2430,235578.90366520168
2198,92813.30307704587
2652,120047.78531072158
27,113653.18642820987
241,164469.17692267554
906,119447.99701831317
1506,124965.15811094282
2098,368291.54504666204
1435,222892.87908347073
2213,140875.33968269365
1274,131341.96269540794
743,12402.17476527355
1737,211606.49638345485
2797,272749.1368711913
2185,62789.65335859542
58,167171.39182508906
830,215854.37826850312
808,112171.68066093914
680,148119.16404313903
1153,102330.39375511603
1291,144945.76283316358
1818,151235.17244481013
2161,198592.17378542488
1883,119055.4739011525
350,373805.10494310607
2473,159044.0057235405
295,189503.03361990213
293,196352.07636207264
859,130988.46146135619
288,64976.957287504236
1578,148851.9027937023
102,207704.04194142894
2831,139206.40971585765
1030,151457.56336299525
2551,144232.08960519682
1286,151056.9540666913
958,305646.86520700663
776,132802.92812848595
72,247704.15062943788
2263,258881.70043316847
1866,162405.64342827187
2876,64227.11713147204
2146,239304.7743636483
103,186742.08871473986
1500,123376.2539895935
492,183146.9504930855
167,155740.13991066447
2597,123264.32469652605
2685,110265.31518253841
1035,158636.55979197373
1220,59257.626488669965
2602,155195.44788715412
2159,210349.14963913133
695,153089.75728807444
1109,272506.7830303217
640,189191.2847457949
1652,142998.208738047
2090,160194.80732928973
1188,184138.82838859217
2345,225839.4869431542
1059,396837.6422066806
2751,244307.081633674
128,214548.61118000816
1523,181293.81183726888
2925,177306.62876618607
2145,303060.77067348355
1121,229181.92534901827
566,254595.98299519985
565,246582.69407921698
1331,142785.15481631696
2928,123047.12935123623
156,133048.7429609588
797,141429.97025136015
327,85607.65832848416
2859,140919.6111289682
1453,125514.66937177445
1762,341320.90311757347
1868,212613.19786079924
1760,173796.88557397143
1113,223317.52870375576
1812,196455.69341042612
117,153454.43130645246
1142,213977.97390543186
2342,398079.57247797877
927,163466.982103362
2478,178918.0660978261
655,76640.05312533115
2064,122230.62514754766
369,289371.4496674187
2239,125391.99598701196
2732,216659.86474548207
1653,159833.23261427882
959,227037.63481957366
2395,358920.533926676
1412,118703.83327765783
271,254653.43597942247
1484,148258.57660281518
1497,160121.40402792647
552,153261.48041036472
2,127025.78993191183
1855,316451.34114235314
4,280014.7401307313
2292,147983.7096218604
134,142004.61469687498
646,98037.74502533753
42,317271.6687475458
532,235127.7881321567
713,100688.81202045328
2561,141005.65085347788
2360,130365.06481360541
1333,128452.30647420262
1407,217077.22355822127
2892,296850.82408970955
574,218941.1316992735
1227,210262.67091574875
2591,224195.78459934186
1476,224208.59519017529
1125,267235.7445296146
1446,146825.63955512625
408,121109.0611384869
1101,292144.39619277656
2251,192729.6874567592
373,183409.7934707465
2554,136150.701619761
2382,277351.32712843054
1985,89408.98457549141
519,261153.4810360591
1093,185009.81727070504
864,249894.15738495928
2889,148285.69786213947
2308,209642.8036291799
986,164808.8009617136
1302,149392.77462628335
585,152043.07287122865
2708,148890.36559758586
147,138555.0790200013
1441,224492.2283726981
383,194251.77552430565
285,155047.20525515472
181,108490.01351286402
358,190045.47588794812
780,177114.89793646737
258,185331.16633604778
1865,228336.81735827928
692,123026.74339991764
2902,330870.96201907843
508,265518.3398410933
2638,155322.36020081548
36,142265.16856144424
611,172096.41613531683
2281,150208.9423618981
1678,112103.92684789754
1696,447655.7360086333
1557,80145.30821295147
2180,158353.92994302846
1726,239966.23184243203
951,146468.90927252136
267,222638.6596996935
2706,134082.66208195224
2221,260180.0225679687
1357,176343.42407321848
2901,312244.8198967477
347,169845.09476030423
2164,205320.5153672865
1586,301169.36166326754
360,147916.9944295397
1769,266265.42913184746
2617,179345.68844705267
1879,124512.32306521045
991,231382.38985333548
1535,128907.01853719019
1191,136741.56887048006
1579,232033.8858217994
1882,153359.93959256492
1510,137664.11083290583
2196,176806.0997729274
1845,183566.39027493555
2336,396209.89854915417
942,94838.1489542076
861,127768.2398166513
2555,118247.92032482805
1392,179727.870952186
2099,268242.2618959715
1543,121091.34418799425
948,292284.97815479134
1239,194751.2837670699
22,178236.46065410902
2796,247442.23814526352
2747,184631.0904006933
92,292483.38582931925
210,168221.9070652484
1858,203469.9996095065
2228,154338.14017013792
447,264880.5121265055
827,252350.93972890594
1649,216607.6730543744
682,145081.39109126123
2698,114286.18258080733
494,163856.98772493756
214,98977.915048125
2441,247171.77793684305
2679,119179.33011995314
1336,123753.90423739786
465,177428.4757896696
1524,155126.99618132625
2543,109021.1303403809
631,148470.90014157927
2452,309832.63332883926
228,174761.17514672384
126,180577.41590442514
1092,257640.378996278
1122,217580.5895542549
932,240574.2943898813
1980,89766.35259261902
2171,117902.95794995186
551,156386.95931434177
2768,172579.70919440745
2056,108654.89746290018
1159,351269.76783837145
2645,122852.53748092373
1174,173608.42301353998
2266,224386.2156527745
2462,367417.3441497196
1219,142489.42552792054
2922,190239.34668257282
118,147871.83970102668
474,151160.9060370666
2576,156114.28173049501
872,278850.49445506046
1077,225577.92213757173
1536,154193.35195319066
1150,120478.84994682332
2341,348672.8447543832
1931,155087.40239505787
2785,131674.02339255292
2538,123061.93865139227
597,207922.5572017157
464,227349.61910916524
233,236040.18919284016
2169,136751.0249561423
2123,167656.91689969244
1867,174670.9249704674
137,251488.47623559687
515,246763.67598921657
933,105212.86739141289
2784,172473.80347095546
972,158258.06158213413
599,174921.72302288184
2614,127282.74213095613
2582,141231.23262010576
1409,170679.95298051494
175,106422.85490429914
352,245514.35286335027
976,101752.01147991884
2134,192989.24292927794
984,111719.85981106626
2396,343493.11426414247
1673,132269.1553098218
404,120217.01065708672
607,171843.06407714952
814,158616.7795192701
868,193669.46275641795
2271,184650.2548134455
1633,255182.19318487012
337,177309.17674139902
2765,199584.25659261167
1746,253361.43051986786
368,345647.65203845734
2806,212994.61011396037
1662,197864.5999446553
1234,220924.13300190886
1373,129132.57718281023
1672,107891.73412629146
1939,120487.16196784112
