Id,SalePrice
2658,131741.89640559367
2718,154399.56410014353
2414,222790.65879571068
1989,115081.76380513266
625,175401.62579707088
333,85456.29084343917
1327,108432.16521417358
858,159493.83346435014
95,176762.17980787394
1568,165248.92738880718
2482,146881.65355377313
1364,121519.17631561367
2584,149818.4829715225
818,248827.86110771724
2673,152236.65685024485
2089,116689.53830398232
1297,152353.4632103099
790,124457.80431551782
2616,190298.2784666332
720,187092.1093559544
222,153247.07455069234
557,124139.13731055651
1148,186720.20808496285
2766,167351.73601457838
534,183120.50272423495
1452,124389.02945951847
630,119008.82595094784
2648,130532.14146917495
125,158796.22802648062
1904,53411.25286736725
1670,103315.92360293519
756,101046.19360464107
717,225904.37852371694
1032,156434.10357721825
852,216013.1318031032
1731,188537.78521197487
2639,123571.52787977544
2071,74069.12628529637
1267,124780.52030834742
1851,203615.08777906105
567,172999.86099814306
2439,203471.25476593146
1898,156911.68162900137
647,182147.45495755295
2256,217754.07815445703
979,104748.36167781487
1444,218314.5220342107
2485,119793.8989500897
157,130699.83130762383
88,119482.24458113998
2003,110502.67267899614
186,213393.0396492937
1425,243606.89049225426
2695,129723.04026107423
738,108604.248571167
395,154530.21846951294
1353,168372.9680783349
1878,147533.69058412974
390,153245.30920276733
1456,229835.156561331
1103,328885.1067847252
1387,133832.2593086842
2070,146989.45872243633
1199,162985.60469827318
2479,179647.85271694048
501,329675.0262026488
2362,90507.32612936295
1718,243476.2874497957
2188,89510.10376636198
1483,150657.21149524482
2557,90969.29328989073
437,359816.4339198397
2224,218545.2465645526
1628,165978.59717455285
397,129662.45434609355
587,199393.8629119126
2182,595053.4887283284
971,147503.54708826935
2611,147651.11019535418
1887,95849.17462180526
2399,371646.59386331186
2148,196058.6988455596
304,142501.5938206134
1997,130587.06531698191
2817,109287.59037581968
1431,203351.9489219449
427,351118.788517818
263,125656.84256953649
598,175027.8400318679
2895,241188.88304695982
687,144208.5443553988
1822,132913.355840143
2191,101373.91829873537
179,122374.64793462117
1009,235766.84966485764
2010,132894.3969657898
1991,133255.94928879617
1411,215807.84471181963
1721,252124.85525206866
1144,193943.0786106547
593,212460.58401474252
575,311665.83606642374
1249,171444.71170608833
1604,125982.6368687241
1064,480173.58563795174
1923,150915.1310530063
1988,119358.790150152
2325,165026.85723372578
114,199790.54499209794
2700,179344.85806155865
217,134469.55645961285
343,183154.75873362558
386,220646.3852675056
2005,108798.85092878937
2908,138027.6407848673
1814,240486.9785776286
2446,470035.04042401706
208,135153.94343403477
1679,96926.09776134945
822,314486.12353797466
6,187109.14147207033
1781,397018.8804051741
2397,330712.56939655665
2340,316984.0272414441
1618,162980.94987999005
2843,151400.36528208948
1061,374347.88978707546
2786,125497.68510398199
1935,136413.86107778488
1341,117598.33019822273
521,261778.34336576232
2136,129702.52049333678
996,200553.98376934882
227,138936.76241289038
135,178628.66347928005
1167,164978.90659228858
294,234647.62674805755
1776,211683.11597281563
540,168924.88566048862
1717,256710.93454111915
2303,124407.81184461858
116,188112.13621194588
127,149655.81749798002
1371,131175.26905579917
1014,153178.87696333337
1507,109994.82933798966
702,138233.9363259554
750,154222.859904244
261,143897.915792514
1559,60935.334073351885
577,238359.275823793
2812,197540.94638661252
2080,166056.84676156205
1368,118716.38202643627
2376,117260.75561172783
659,121196.54922899941
1235,134667.66026827748
332,74964.17397399187
1917,144167.61616196076
2094,235800.88535643579
1460,268441.3892664679
1471,218532.0749605826
1509,120911.35349203018
1922,131021.03630747984
433,504426.3926492292
460,269493.8130367439
1116,235921.50524519564
1137,164054.86636218076
53,160075.38802280676
2354,279150.462708664
1475,200322.9325973943
1761,483861.6002912224
842,138051.422509655
2739,181200.3257751937
2509,153667.54671775067
1007,203918.1357982731
2610,187552.75412161287
1952,90378.09956040654
2719,158930.93640484152
2921,82098.67117597348
1966,157082.59887408352
292,124863.94300392261
1204,187486.63160598694
1829,261414.07483211273
2419,200189.60361502215
391,146742.06819785296
798,122496.64683029828
481,198005.47932238856
193,207806.41621814316
555,120858.01104625419
899,48338.33024008773
2357,179039.44359517476
328,141457.4017399319
1356,117101.42106619965
1154,106961.8063901538
1730,187885.6917237466
2249,165304.2368045604
1119,293346.4999675467
2856,147866.38463627608
1394,128551.79802345224
2587,106989.78256150497
61,310747.642904133
2661,178571.71673560565
2711,128063.14929081095
1147,175183.2324226691
757,125273.14799725273
2623,106016.03530441328
2378,137909.1628620999
1413,156548.78056632043
1722,229938.6867839998
1112,230204.67435048195
1623,191203.66523815374
1201,195663.01743015612
1513,122842.7646824226
957,347400.79506730917
1171,254505.00680769747
1145,194534.8725421523
2726,232693.75751829482
703,149361.99510342584
760,122261.60968765861
1964,154320.40972519954
2512,181178.8100054595
159,145013.85352423755
1281,171637.23867839787
468,193347.62624734882
290,123417.73206464772
665,105212.31929494477
1463,256343.63961217916
1792,220568.97185653428
923,175984.72820048535
500,288565.8164667506
1408,190373.03891925138
331,83877.03772473046
170,136829.68553913868
2192,94654.21135275577
2571,283112.32409467263
2314,164922.91008649004
2647,87489.70821387556
422,429005.43010143854
2457,354787.1043275329
1838,192764.1705979281
2805,254608.5746840092
1645,149467.58214820595
1711,309656.6016450781
2825,246327.40567996382
322,312031.6196531552
2103,268345.74793018296
342,123592.23021082359
600,117636.98402981876
488,168130.9677419496
1725,313841.28841959656
2246,317663.70405805716
2847,157186.81490742057
806,233831.3548899754
530,236246.5174520028
963,193957.1861113209
2678,100810.44793903554
171,83008.09757440674
2401,429276.35752272373
805,220094.5434420974
2259,262564.16031914303
1748,186304.46663309744
1361,141119.5890347133
1677,110376.40831921762
1406,169354.5085752847
2322,262380.4159221262
688,156021.70485882636
143,149543.31872409288
804,203556.34571406624
1214,215531.59985027212
2828,140677.56763480138
1999,203673.05545207037
2467,212864.79291002164
2665,167076.33554332104
1538,346609.33120259363
398,114442.3782785929
2822,156819.21181331913
2157,144377.94250750708
1856,197281.48927536965
1269,90754.99079454203
2570,117766.42452671155
2320,238782.77316893908
1517,130100.53911200097
2304,129329.6640910157
1312,93757.64228887201
2012,129865.05541662179
506,247771.14209606755
2865,214419.69430930537
2367,100334.95744978366
554,84216.95330274165
238,147093.8630753167
1954,96679.75487443488
2488,120408.8318125935
2291,76407.54130076554
1969,107647.89088195993
2725,171216.35340059453
1482,146412.74042940122
2763,211381.66475523455
503,262631.2807436857
1584,246109.8072692957
1531,150166.59411053802
2210,189635.6528573325
459,331998.88926823164
556,127398.67929314371
1347,138245.8850866772
1290,70286.90155537918
1388,99441.40381275747
1571,267314.2825545127
2754,218096.1623646886
765,143592.64072504026
2494,132156.07986197094
2870,234624.27690252627
7,245593.4338850932
1114,234780.71492258753
2418,281623.1987417817
291,137485.46846011217
18,373920.580342108
39,390706.73208397
1001,278407.755825421
2442,235704.8706623972
616,126444.03778349559
2680,80318.6732172069
1414,128304.96011641776
289,157512.75596792303
40,282852.03558829473
860,143720.97318850804
409,132032.8310230924
673,172787.52712564892
2427,179641.34995563433
2036,218390.1991248621
2564,134617.6065215948
642,168524.4453747824
1008,176923.19167903854
1908,153276.6918095239
2519,206154.39514138407
1369,91246.51349278304
2855,170152.81910893254
712,100755.68935483726
1943,129424.67489381503
1958,125793.74342327174
107,167725.4944918165
2295,201706.57771195663
704,110497.45736779732
676,139195.67954038363
259,180631.476945805
93,282044.0173124864
106,240653.43450562572
2315,178255.46692151693
1050,93151.77685424416
1095,208053.0420914352
2709,155228.3220121939
758,149603.32072755904
1496,159272.60716673583
2370,114030.92274571888
2458,302318.57073028485
2733,143193.13862775502
161,281667.5317978728
726,148008.7975823908
845,215812.02512524766
947,259899.8242820886
2232,124996.95700410045
2563,137460.67349110206
2299,151488.25248867137
211,63891.297939528944
605,150430.90421584962
1478,199766.1942912407
2247,293640.23523446225
2274,234633.97489911108
2869,230720.365670908
967,215990.19208569595
2656,116628.48838797849
667,206550.4885439283
1042,113193.43984595266
2023,154750.16357211847
2447,372310.8642959651
2055,127374.25283606406
2275,285177.85887322854
2204,178973.90991710473
1563,289580.7135907369
483,240550.78310289586
796,131012.70002313839
1526,154978.4626450152
2042,123480.4758550337
442,343546.67325814575
1693,332839.7554181549
1468,218812.74238790473
1430,206660.81649802707
2605,154469.27241704712
1529,203867.88933105706
335,151753.24486116387
1287,120162.94066143813
31,96148.45570059071
1785,328555.73722683673
82,159401.1839088082
2620,121862.78946578444
252,176408.4184842306
721,66938.51091493451
2165,193884.7479229537
2316,194190.5626664475
775,141886.8645816635
1558,96366.7597449841
17,217644.4427457293
1022,235025.8327798824
925,128567.87510839249
438,291422.96473481937
1270,130319.90413117922
1272,132262.5116984881
215,140681.72544490144
266,233337.31177003053
2402,302021.2419945055
1250,138698.6814821674
1984,139544.04542785411
1279,149505.05512670983
377,251091.92404892645
1252,96770.76696259457
2156,264011.6031451368
499,330052.7869317883
1374,113867.98028241454
2898,250331.09180937268
401,113198.58508948654
2721,153896.88310228582
2078,248181.42601032017
2589,124120.82280657097
1946,245177.4466513152
1334,119507.03716663957
2781,216625.78355787072
431,395342.4940823042
576,203241.07216391538
1474,213153.10854806527
2254,144445.06937433768
2155,281934.170497665
885,99975.43338913233
643,144571.4539777196
1944,120772.65900712268
480,198159.08589038556
2845,97687.9133008478
2387,333371.0576536448
2407,230719.03793841583
2527,168732.02990249428
2514,144687.01389321982
629,124954.88355849976
80,205949.59777103426
1876,137106.23478256894
1546,115824.0168786141
2518,176436.37494332326
2347,151085.85759949725
783,232730.97115777616
1322,22089.157265648275
194,90722.02374237032
1770,299992.7618243305
2143,137375.1019158079
1229,228220.13193502353
511,284842.31678952934
46,253972.43320481866
1348,160482.11115291002
2465,212590.4144565086
387,232035.60162740713
873,233770.25213266813
1918,121427.7346419323
2764,234241.16547975354
2184,131165.0154834136
934,136463.73798689048
1920,128510.25754239384
2631,154219.64600939848
1768,558116.5221673015
2040,122326.64673357576
1749,222674.29713643398
834,251540.98219081713
1457,229406.24831757258
79,104518.02678957573
2302,131758.65765187534
1817,150050.1987331243
2755,245287.55899614876
359,171042.94376805716
2059,103912.23459684437
2092,229981.41643044626
2516,227041.56125167507
150,110445.74442858959
1656,139281.32236315927
83,94433.31030291742
2411,190412.21726763673
795,81776.62220405541
2312,221369.76906681317
2917,114811.5792198815
1624,183171.26804415457
2215,302091.93533349806
1211,150873.05886717973
1485,154992.2775910978
1024,184722.7213745089
570,197838.4923088599
2874,142868.39180040793
700,136838.2838584619
2756,228245.52440174145
2022,182052.9552458241
583,237652.3873062485
2392,374754.4189279956
2424,170540.85913287612
212,117101.05842315231
736,127591.64825940297
1610,166497.13211268734
890,118424.28613377942
467,177997.12696044933
578,213747.35739978318
1747,197111.5716936014
1149,149063.88229708723
2758,270449.6805648786
857,143580.09786707308
2219,267038.38854587416
733,104223.63059725965
2909,117583.77917468172
1798,257527.2798403571
235,126126.39903877606
2366,113784.57121247967
1027,129062.71996596735
1195,142802.6324236863
1303,37316.23878387883
148,198152.52901035
608,167198.7931893277
2515,210882.32181842616
821,264498.4145419184
2500,269093.29787200165
745,109621.44882096145
741,135078.30381838384
1611,114407.39983149819
2532,126095.75190236542
1081,226000.36577271472
1692,433894.93816128024
2520,192881.54276263303
276,112126.1094580493
1992,135169.68610755273
663,41223.57512332103
418,120544.96348263056
1733,208956.68640814454
2359,144939.5482386954
253,190045.25777840544
1518,186755.17498085462
2035,148246.26676543104
2919,80477.99168972425
1540,238297.65021576243
2120,148529.52756429126
1674,164796.8969067663
256,141673.25848481833
2361,94891.47491012467
978,73904.97766104648
2280,132929.50223255792
2095,228146.62084258575
1709,341086.8524168219
2801,250488.07414530474
1246,112852.67756285358
2373,89305.25199813792
1055,318065.43316492456
2017,131880.45009904425
1099,297721.48957008123
1344,70258.72846033818
835,211164.7760356799
1117,234184.01769151978
2043,87533.04224691236
2085,119895.60548278602
410,144335.18369026712
2650,114691.05594981153
2867,172928.08457471058
1668,111979.91004080673
1161,158325.0631073161
2122,179615.4696172326
2539,153164.1523073392
1047,143189.54886389722
1445,143022.17310458363
541,132039.48143376486
569,224798.53303212675
1276,120165.42427507622
918,156244.97310705425
326,162891.85248114544
1936,128765.90092989667
895,102762.80673613028
257,147915.6625143397
1241,180062.28188245205
1545,121520.019413257
1189,175265.14556846122
270,144240.30324800577
2066,185912.590093366
693,108407.12632294057
1259,147335.96273143712
2916,155756.14067882136
2321,306330.85056319897
1977,104176.0388099344
1895,140226.6596001698
1240,177652.7822897463
85,150734.66633014512
1823,120985.59475244676
825,295078.1782980004
110,232595.7807509844
697,124531.68715499146
2297,121722.18715828597
1231,132411.58216278156
1355,135558.53688610886
968,331173.69368742127
584,237627.67941512447
1315,149956.17727982713
1606,144210.4936573331
206,100170.0376342532
1685,374199.04844546085
2016,132376.6367863394
869,206089.60752842727
2135,124748.49128112152
2346,172204.9882414623
2430,235536.7091353411
2198,92861.33000721478
2652,120109.94619461561
27,113619.33528686008
241,164455.23690276177
906,119344.85563514823
1506,124959.32848845261
2098,368344.9583304281
1435,222867.807547489
2213,140914.7613616286
1274,131302.8273540676
743,12500.155918518314
1737,211633.40224355544
2797,272742.9906185932
2185,62769.41618380207
58,167212.64932254306
830,215880.27177405253
808,112151.05499573203
680,148089.2457931329
1153,102361.08811910967
1291,144915.11586123536
1818,151216.75344307584
2161,198548.0847052809
1883,119108.82101064475
350,373876.54515722895
2473,159031.11421242784
295,189530.4425784754
293,196344.01990389125
859,130974.0038845452
288,64967.334208693384
1578,148889.37024068824
102,207793.697590919
2831,139061.817587342
1030,151419.14744540042
2551,144230.83210326478
1286,151066.9525807
958,305684.3939725076
776,132869.3602616917
72,247788.35442647894
2263,258866.58404399367
1866,162423.0333819392
2876,64282.00717488385
2146,239256.7967628931
103,186764.5646213947
1500,123248.08036800608
492,183180.80555288878
167,155802.2547297283
2597,123294.65065135818
2685,110325.27552208093
1035,158658.15574080043
1220,59347.74025077891
2602,155221.3026546107
2159,210314.97526907633
695,153073.0960550974
1109,272507.67371538165
640,189080.69903609643
1652,142936.2055530501
2090,160179.6461476475
1188,184136.8993015071
2345,225844.1558446177
1059,396872.10901024396
2751,244299.1980376264
128,214560.26615153858
1523,181329.10117822417
2925,177365.84431396265
2145,303092.4084327847
1121,229226.0779447225
566,254540.67272866098
565,246590.1699314327
1331,142803.3848163772
2928,123093.67417708554
156,133018.86948887206
797,141348.71698873866
327,85579.20061332664
2859,140912.78010325003
1453,125559.30371899832
1762,341351.7117955932
1868,212639.48543012532
1760,173834.17865337085
1113,223289.82352938488
1812,196451.08435765945
117,153470.57282351836
1142,213966.5925731251
2342,398156.23417767265
927,163484.95900726772
2478,178927.88509528368
655,76636.07744011801
2064,122234.26759238873
369,289342.2194581666
2239,125443.45862839423
2732,216603.4445298649
1653,159776.98400401216
959,227058.69697578315
2395,358978.7667952365
1412,118738.21285946411
271,254607.31613692077
1484,148179.80015848723
1497,160128.7192222991
552,153250.2283699206
2,126984.4229854357
1855,316584.6296840663
4,280068.6845155683
2292,147981.3775182421
134,141975.110412197
646,98023.94519566605
42,317340.01710807893
532,235160.94710297155
713,100690.05882410677
2561,140993.9366814882
2360,130350.52770643917
1333,128454.35127804845
1407,217120.97370284767
2892,296909.26506568055
574,218869.1172781855
1227,210280.91068221195
2591,224246.16305048292
1476,224208.6891062626
1125,267294.89493982244
1446,146785.75060253867
408,121124.3521097227
1101,292159.630833278
2251,192726.2748959266
373,183342.94036191632
2554,136233.87123444155
2382,277347.7050275069
1985,89406.31160529285
519,261219.5003367776
1093,185053.71384733223
864,249866.23278286753
2889,148248.9435633925
2308,209641.8136951359
986,165020.24298659325
1302,149407.35310631408
585,151978.05649364876
2708,148916.51325525175
147,138527.58624761965
1441,224454.3418836533
383,194296.51305087504
285,154955.30817292104
181,108476.21350020182
358,190063.2401651982
780,177106.01071202505
258,185330.90390830673
1865,228352.18705172325
692,122999.60740551894
2902,330931.0158909024
508,265584.3381301251
2638,155394.63438581442
36,142338.2315214199
611,172099.60350539326
2281,150218.58502166704
1678,112001.83117376639
1696,447688.44392312726
1557,80139.46327827797
2180,158338.27610811612
1726,239923.46241887196
951,146469.1354788306
267,222608.82619844246
2706,134081.89161251462
2221,260254.20790568786
1357,176408.88918314426
2901,312276.0586760289
347,169854.3367397829
2164,205310.96793989494
1586,301237.99035478896
360,147885.21714707866
1769,266347.7543669623
2617,179388.90064277803
1879,124406.42570829457
991,231439.89352633496
1535,128899.8993916086
1191,136770.5005752267
1579,232037.61230269627
1882,153412.73961697135
1510,137663.57556995642
2196,176886.15241337498
1845,183603.8123969737
2336,396291.1409379557
942,94850.97484265143
861,127831.31877111214
2555,118345.99643100408
1392,179788.76371480414
2099,268232.342203851
1543,121095.89822746188
948,292371.48539629154
1239,194792.21817029096
22,178174.37054158142
2796,247453.4894969375
2747,184581.7804877677
92,292414.0617999526
210,168201.49241450045
1858,203439.86548383755
2228,154331.01620311142
447,264890.9715155768
827,252365.7899496589
1649,216608.82876492903
682,145103.50248476514
2698,114299.86684223611
494,163876.56704548027
214,98894.28254454728
2441,247107.77862091264
2679,119269.79720835305
1336,123801.39265474773
465,177385.07161030913
1524,155122.7677254084
2543,108994.72987113948
631,148442.3090815925
2452,309873.2195819948
228,174794.69035875547
126,180650.2967033697
1092,257611.16988049814
1122,217618.32238840827
932,240594.1659229206
1980,89750.36999589222
2171,117834.83036724053
551,156408.5256107205
2768,172582.1391709385
2056,108670.33185355223
1159,351307.82905058365
2645,122885.19929281759
1174,173531.09956192726
2266,224381.2083246877
2462,367456.73340732243
1219,142481.2511818318
2922,190143.51810462773
118,147878.10356158353
474,151097.5424656434
2576,156092.58036428125
872,278834.6238011519
1077,225552.21743080934
1536,154211.1316310449
1150,120328.4163211217
2341,348725.5526937299
1931,155157.67993033177
2785,131670.62896920127
2538,123023.08598145148
597,207861.0049085675
464,227292.17489708372
233,235820.23335597408
2169,136590.79022494867
2123,167663.9717325806
1867,174671.90674294817
137,251494.65264844248
515,246821.66548660822
933,105195.48370149772
2784,172455.1141457158
972,158249.6119659406
599,174898.180761001
2614,127252.20593746632
2582,141266.72242983943
1409,170659.73123377655
175,106365.81279192814
352,245600.39988630655
976,101750.2888515977
2134,192949.50428071094
984,111791.00791190703
2396,343518.09852721833
1673,132227.8971732444
404,120154.7506873294
607,171831.242368359
814,158605.56553325133
868,193616.63658746533
2271,184653.11649472523
1633,255133.61619476546
337,177269.94445511582
2765,199509.68556038121
1746,253379.2254828461
368,345749.48454177496
2806,212980.60062024536
1662,197872.71241531335
1234,220895.84211749825
1373,129073.20306246608
1672,107893.9865112045
1939,120468.95263444138
